3116.124814264487
2863.00614334471
2835.9053414469236
2741.3751633986926
2657.9873257287704
2537.3889897156687
2499.585220500596
2493.6409036860878
2417.4662824207494
2396.745142857143
2349.7501400560222
2328.875069405886
2316.0154610712316
2222.7366189719132
2175.46887966805
2090.879361914257
2080.5079365079364
2064.1259842519685
2054.0176297747307
2050.001955034213
2021.3513253012047
2009.7287973167226
2006.844019138756
1999.1916110581506
1997.287619047619
1970.0817285110381
1958.125116713352
1912.5873233014136
1896.1591320072332
1879.168458781362
1878.3269144648455
1874.968261063925
1854.2458001768346
1852.60777385159
1847.711013215859
1839.6070175438597
1827.5834422657952
1824.4036537625054
1814.9303331890956
1801.6769759450171
1800.1304721030042
1797.0454155955442
1785.570029799915
1782.534636634084
1778.0008478168716
1772.7404902789517
1767.511167298778
1757.880972338642
1757.880972338642
1743.2684954280965
1738.2113551595523
1732.4675753820736
1732.4675753820736
1726.0510288065843
1717.5692055692057
1694.6682828282828
1692.6166263115415
1686.4913550462404
1685.136199276818
1685.136199276818
1681.0837675350701
1680.4102564102564
1679.064851881505
1674.372854291417
1671.703467516939
1669.7070063694268
1664.4063492063492
1661.7686212361332
1656.518167456556
1654.5577909270216
1641.6062622309198
1635.8439937597504
1635.206237816764
1628.8559223300972
1628.223602484472
1624.4399690162666
1606.3975488318652
1605.16800612323
1604.5539403213465
1597.2216298552933
1594.186240973014
1588.7515151515152
1584.550056667926
1582.159185213127
1580.966453071994
1577.3990221887927
1576.2134535888763
1569.1372989150766
1568.5504861630516
1563.2888557584793
1563.2888557584793
1562.1243947858472
1558.641397250093
1558.0624071322436
1556.3280148423005
1556.3280148423005
1550.0014781966001
1549.428888067972
1546.0022115739034
1545.4325718496684
1543.158204562178
1542.0235294117647
1536.3750915750916
1533.0058479532163
1531.8860482103726
1526.311499272198
1518.025334781035
1515.2832369942196
1515.2832369942196
1514.1891696750902
1506.5747126436781
1504.413199426112
1503.3347670250896
1503.3347670250896
1500.6454382826475
1499.5723989989274
1493.1662513349947
1492.1038776236214
1491.0430145751866
1489.4545454545455
1488.925807596734
1481.5626986930413
1481.0395480225989
1478.429326753613
1475.8282899366643
1475.3091804431938
1471.6856140350876
1471.6856140350876
1471.1694142406172
1470.6535764375876
1470.1381002453559
1469.6229852838121
1469.10823117338
1466.027263194687
1461.9393516904845
1461.4299651567944
1461.4299651567944
1455.3448993754337
1454.8400971210544
1454.3356449375867
1453.8315424610053
1453.8315424610053
1453.8315424610053
1451.3162629757785
1449.3102971665514
1448.8096718480137
1448.8096718480137
1448.8096718480137
1446.8106243532252
1443.8223752151464
1443.3255333792154
1442.3328748280605
1442.3328748280605
1441.837057408044
1441.837057408044
1440.8464445207833
1440.3516483516485
1439.363074811256
1438.3758573388202
1435.422313483915
1433.9500854700855
1433.46001367054
1430.5266030013643
1430.5266030013643
1429.5514655760055
1426.1489289357362
1426.1489289357362
1423.2453342382084
1421.3161640121994
1418.9120433017592
1416.9945945945947
1414.1281186783547
1412.223569023569
1411.2732166890983
1407.9570325612622
1407.4845637583892
1401.8395721925133
1401.3711994654193
1399.9679572763685
1396.7046287046287
1395.3107119095143
1395.3107119095143
1393.4564784053157
1392.9936898040519
1392.0690341851976
1389.7627567925779
1389.3024180192117
1388.8423841059603
1387.923229649239
1386.5467768595042
1385.1730515191546
1381.5230566534915
1381.5230566534915
1380.1592629154327
1379.2515619861888
1378.7981591058515
1378.3450542228065
1376.9875246224556
1375.1816393442623
1374.7309078990495
1374.7309078990495
1373.830330822142
1373.3804846103471
1373.3804846103471
1372.9309328968905
1372.9309328968905
1372.4816753926702
1372.4816753926702
1371.5840418574232
1370.2397909180006
1365.7779225008142
1365.7779225008142
1364.4450227716331
1364.4450227716331
1363.557867360208
1362.6718648473034
1361.345017851347
1359.1393389500972
1358.6990605766116
1356.0633688975106
1355.1870759289177
1354.3119147562156
1354.3119147562156
1353.8747579083279
1353.8747579083279
1353.0012903225806
1352.1289490651193
1352.1289490651193
1351.2577319587629
1349.0845931167578
1348.650803858521
1348.2172934747668
1348.2172934747668
1346.9184328837507
1346.9184328837507
1345.1905067350865
1344.7592176979801
1344.7592176979801
1344.7592176979801
1344.3282051282051
1343.0368235670828
1342.17728
1341.3188359449953
1339.6052379431492
1338.750079795723
1338.322910019145
1337.8960127591706
1337.043034746573
1335.7656050955413
1334.0661577608143
1333.6419713831478
1330.6802030456852
1329.8363982244769
1329.4148969889065
1328.9936628643852
1327.7315606204495
1327.3113924050633
1325.2145339652448
1324.795957043588
1324.377644458478
1323.5418112969392
1322.707032481867
1321.4568367989918
1319.3784208870713
1318.5488839987424
1318.134506599623
1317.7203895695884
1317.7203895695884
1317.3065326633166
1314.828840125392
1313.5934857500783
1313.5934857500783
1313.1822166562304
1312.360450563204
1311.9499530810135
1311.5397123202001
1307.859058309947
1307.859058309947
1307.4513715710723
1307.0439389217825
1305.416744475568
1303.38844002486
1302.5788819875777
1301.770328988206
1301.770328988206
1301.3664287930499
1300.5593798449613
1300.5593798449613
1298.9482812016104
1296.940012368584
1295.7380290392339
1292.9420468557337
1292.5436055469954
1291.7474591931013
1291.7474591931013
1288.9686539643515
1288.5726574500768
1287.3861264579496
1286.9911015648972
1286.596319018405
1286.596319018405
1285.8074800735744
1282.2696423112197
1281.4860983806905
1280.3125763125763
1279.9218797680805
1279.9218797680805
1278.7512195121951
1277.5826987511423
1275.2520522955306
1274.8644376899697
1274.4770586447887
1274.4770586447887
1271.7719830200122
1271.386480751743
1270.616176916086
1269.4624697336562
1268.6944948578343
1268.310855760508
1267.161329305136
1266.778616732105
1266.3961352657004
1265.6318648159324
1264.8685162846803
1264.1060880048221
1263.3445783132531
1262.964167419452
1262.2040325007524
1261.8243080625753
1260.6865043582807
1260.3076923076924
1259.9291078401923
1259.9291078401923
1258.4170417041705
1257.6623688155921
1256.532055122828
1255.7796407185629
1255.7796407185629
1255.4037713259504
1255.0281268701376
1252.778972520908
1252.778972520908
1252.4048969841745
1252.4048969841745
1250.5378652355396
1250.5378652355396
1250.165126676602
1249.4203157581173
1248.6763917832689
1248.6763917832689
1246.4499257057948
1246.0796197266786
1245.3396674584324
1244.60059347181
1243.8623962040333
1241.6530491415037
1240.1845062093437
1239.8179130948863
1238.3537053439622
1237.2578171091445
1236.5283018867924
1235.4356406480117
1235.0718492343933
1234.3449087698646
1233.2561011467214
1232.8935920047031
1231.807342143906
1231.4456840869054
1231.084238332844
1231.084238332844
1231.084238332844
1230.0011730205279
1226.046185325928
1224.9719626168223
1224.9719626168223
1224.6143065693432
1224.6143065693432
1224.25685931115
1223.8996206594688
1221.0491994177585
1219.6289619075312
1219.2744186046511
1217.5047895500725
1217.5047895500725
1217.1514799767847
1216.7983753988976
1216.445475638051
1213.9808972503617
1212.9277038750722
1212.5770453888408
1212.2265895953758
1211.1764366156513
1211.1764366156513
1211.1764366156513
1209.0815797059672
1208.384903486027
1208.036866359447
1206.6467203682394
1205.9528464634848
1204.5674899483056
1203.1853126792885
1201.462045259238
1201.1179839633448
1199.7437070938215
1199.0577472841624
1198.7150614461275
1198.3725714285715
1197.688178183895
1197.688178183895
1197.3462746217529
1197.0045662100456
1196.3217341699942
1195.298945568538
1193.2586059743956
1193.2586059743956
1192.919226393629
1191.9022449559534
1191.2252201079239
1190.548963951178
1190.211123723042
1190.211123723042
1188.8616780045352
1188.5247945593653
1188.1881019830028
1186.507496463932
1185.8365846762792
1185.166431195253
1184.4970347359504
1184.4970347359504
1184.4970347359504
1184.1626199887069
1183.494356659142
1181.8269935193011
1178.506322000562
1178.506322000562
1177.8444257231115
1177.513756316676
1177.1832725231548
1176.8529741863076
1175.8631903560415
1175.5336322869955
1174.5460655278634
1174.2172452407615
1173.8886090120347
1173.231888111888
1171.266126780229
1170.2857142857142
1169.633017289459
1169.3069417340396
1169.3069417340396
1168.9810479375697
1168.3298050139276
1166.7048678720446
1166.7048678720446
1165.7320733740967
1165.7320733740967
1164.437534702943
1163.7913429522753
1163.4685159500693
1162.823398946493
1161.8570637119115
1161.8570637119115
1160.8923332410739
1160.2500691562932
1158.967670627245
1158.6475138121548
1157.3686534216336
1156.0926130099228
1155.7740424359329
1154.1838194826637
1151.3324183365357
1150.3850795392211
1149.7543859649122
1148.4950711938664
1148.1806734191075
1147.238512035011
1146.9248017500684
1145.6716744059
1145.6716744059
1144.1091107474085
1144.1091107474085
1143.797109353695
1143.485278080698
1143.485278080698
1141.928668663218
1141.6178551986936
1140.3762914627514
1138.8281292424654
1138.8281292424654
1138.5190010857764
1137.901247965274
1137.5926227285056
1136.6677506775068
1136.3597940937416
1135.4369247428262
1135.1296346414074
1135.1296346414074
1134.8225108225108
1134.2087614926988
1133.5956756756757
1128.4110842076943
1128.4110842076943
1127.1980650362805
1126.2900107411385
1125.9876510067113
1125.9876510067113
1125.6854535695115
1124.779833735586
1124.1768962744572
1123.2737011247991
1121.1718791766907
1121.1718791766907
1120.5728025647877
1118.7794078420911
1118.1828845641162
1115.5063829787234
1115.209784631747
1114.9133439659756
1114.3209351753453
1114.3209351753453
1113.7291556027615
1111.0739072847682
1108.431289640592
1107.8457474907555
1107.5532083443359
1106.9685932963844
1106.0928270042193
1105.5097522403796
1105.5097522403796
1104.6362918093232
1104.6362918093232
1103.7642105263158
1103.7642105263158
1102.3137976346911
1102.3137976346911
1101.4453781512605
1100.8671916010499
1100.289611752361
1100.0010490427485
1099.424377457405
1099.1362683438156
1098.8483101912498
1098.5605028810896
1097.410779696494
1097.123724823437
1097.123724823437
1096.836820083682
1096.836820083682
1096.836820083682
1095.6907001044933
1093.69074315515
1092.8358520062532
1092.8358520062532
1092.8358520062532
1091.9822962770113
1091.6980739198334
1089.146715138925
1088.5813651699973
1088.0166018158236
1087.734439834025
1087.17055469155
1086.8888313034465
1086.6072538860103
1085.7633963241005
1085.201552393273
1082.6804336602995
1080.7276475135275
1079.3371075656203
1078.7818930041153
1078.7818930041153
1078.2272493573264
1077.9501413518376
1076.843132220796
1076.0143663417136
1074.6359210863438
1074.360655737705
1073.5357051446122
1073.2610030706244
1071.8895987733197
1069.9755102040817
1069.7026268808977
1066.9814296616637
1066.1677681748856
1064.274042121289
1064.0040588533739
1062.9254941713127
1061.3117408906883
1060.7749114820435
1059.4352109118465
1056.4997481108312
1056.2336942835557
1055.9677744209466
1053.5805074101984
1052.2589061716005
1051.7311935807422
1049.3630222667
1046.7441976541054
1046.7441976541054
1046.2220004988776
1045.9610972568578
1045.7003241087011
1044.918784255107
1044.1384117500622
1042.840377921432
1042.0631055900622
1041.286991062562
1039.9960327299777
1038.7082714214957
1038.7082714214957
1037.93714427122
1037.4236952757853
1037.1671612265084
1032.5711472181192
1031.8091020910208
1031.0481809242872
1031.0481809242872
1030.2883812331122
1029.782469923889
1029.5297005400098
1027.2603477834925
1027.0088148873654
1024.250061050061
1022.0038986354775
1021.506088650755
1020.0155642023346
1020.0155642023346
1016.5545322346098
1016.5545322346098
1012.3832971276853
1009.2165543792108
1008.488578985333
1006.7940470475276
1004.8643986583613
1003.422009569378
1001.744447098161
999.5958055290753
998.1684911946692
997.9310016654771
996.5084343074365
996.0351460460698
993.9109004739337
993.6754323619996
991.3268730796502
990.624468587624
981.1237426900585
979.5198505371321
978.3774201073012
977.9211937514572
977.4653926823585
977.237651444548
976.1005352571561
973.1563805104408
967.5441753171857
965.5395948434623
963.100803673938
960.2344322344322
959.355901189387
955.2047369619677
954.1182893539582
953.9012963384125
950.4427826875142
948.937556561086
944.8758729443568
944.6630630630631
943.3882141250563
942.3284655133677
941.6937584193983
934.9763709317878
932.8967971530249
932.0675555555556
931.8604754499
927.3278797258457
927.3278797258457
925.0780767534186
924.2626707800794
923.6520590178375
920.6110623353819
920.4090410357692
919.6018417013813
914.5887483645879
912.7973884657237
912.0034790171776
903.5553640672124
902.3889845094665
899.2933104631218
897.1773262032085
895.0712761416987
891.267318317042
889.566065747614
889.0004239084358
887.4955564959797
882.6397306397306
879.8623872456471
872.9040582726327
871.2721229746572
863.2031282156822
863.0255144032922
862.4931112482006
860.5465736561346
860.1936013125513
833.5262321144675
822.0901607212858
820.8031311154599
819.8405003909304
811.7484033288175
808.7743925954493
806.907272027703
804.7398311588641
799.8291380625477
795.8831119544592
786.0389805097451
785.5973028657052
781.9358687546606
776.7229629629629
772.7162859248342
764.9651650556265
762.739407164939
755.0502250225022
750.8600071607591
740.6505385837895
738.303819750044
738.0439908499033
737.2656002812445
736.2302966473583
735.5847071203086
730.2061281337047
727.6724496877168
725.9093111803393
722.5329888027562
721.9111876075732
719.9285959491933
714.0456247871978
712.5898742779477
711.5019508057676
709.8162125571163
708.8565151259083
707.8994092827004
704.3331654072208
704.2149093351243
703.7422818791946
699.0506666666666
695.6881738265052
692.1293729372937
690.4204115226338
687.8163332240078
676.0644745325596
674.7593307593307
673.892030848329
670.6594179724976
670.4450127877238
668.8413331207144
664.7074484944533
662.2933838623086
660.9366530097699
659.4817610062893
658.5498508400062
654.9506558400999
654.1334996880848
652.0995024875622
650.2796899224807
649.9773748644042
648.8712871287129
648.3697634874014
646.3713977500386
646.2718027734977
645.575496382946
643.1995092777181
642.9037400367872
641.1348211556099
640.2540070218288
639.3756097560976
639.2781588172535
638.208155812538
632.3389115030906
631.6722891566266
629.6808287043988
627.0449992525041
625.5486950037285
624.80321763742
624.7101578790587
621.8389918458117
619.0854612546126
615.903671071953
615.1809914931065
614.6400937866354
612.754419284149
612.754419284149
612.217778426507
611.0582750582751
610.8802796387998
610.8802796387998
609.8144809537656
609.4600406858472
608.840760632893
608.840760632893
608.664054563924
607.9582548195391
607.6940017386265
606.4638519375361
605.9381681594915
605.8506427849198
605.7631426920855
605.5882183078256
605.1513490116866
603.2365885229398
602.0244007463758
601.7652797704447
601.5063817582103
601.4201319185546
600.6449949878275
599.8718535469108
599.1006999000143
598.6731373108764
598.5022831050228
597.9903051040776
596.5444460247476
596.5444460247476
595.274481975589
595.190009933305
593.5055893589926
593.253748231966
592.3321564750742
590.8302577827864
590.2482409231635
589.9161744022504
589.7502812148482
589.501616303584
589.4187745924677
589.3359561613039
588.674245614035
588.5090500912024
587.8491941135248
587.2730327639317
586.0421964510269
584.3276678740597
584.2462738542972
583.9209244048448
583.8396436525612
583.6771500139159
583.5959371086684
583.1091338801613
582.3804498750347
582.0571745767417
581.9764118218399
581.9764118218399
581.7342579750347
581.4116994732465
580.8480819831049
580.6068660022148
580.4461666205369
579.6440022111664
579.0838050531547
578.4449041511516
578.2853991451813
577.72782369146
577.409691629956
576.6158922188617
576.298983237153
576.0615300096141
575.9033365371413
575.2714305307913
575.1136706430824
575.0348231423087
574.9559972583961
574.5621917808219
574.4834954115875
573.7761969904241
573.7761969904241
573.6977157707564
573.6192560175054
573.3056314926189
573.227278939456
573.1489477999453
572.992349726776
572.3668122270742
572.2887160594897
571.742639040349
571.742639040349
571.6647130979965
571.6647130979965
571.2754017978752
571.2754017978752
570.964334331609
570.6536054421769
570.1106429251054
570.0331611851046
569.7234447161097
569.7234447161097
569.7234447161097
569.2595005428882
569.0278116944784
568.2568757620919
568.1798970468708
568.1798970468708
568.1029391846133
567.7184623714131
567.5648173207037
567.4112554112554
567.1810682893847
566.9510678561774
566.7978378378378
566.7978378378378
566.5681480480886
566.5681480480886
566.4151249155975
566.1857451403888
565.6512474713419
565.5749730312837
565.4224858452413
565.4224858452413
565.3462730826257
565.041627374377
564.8894276094276
564.8133584702397
564.7373098155379
564.3573735199138
563.9021242269428
563.82632074203525
563.3719274680994
563.3719274680994
563.1450053705693
563.1450053705693
563.0694052893006
562.9182660045632
562.8427267847558
562.6162307176392
562.6162307176392
562.6162307176392
562.6162307176392
562.2391420911529
562.0884481372286
562.0884481372286
562.0884481372286
561.9378349410504
561.8625586068318
561.712066425606
561.6368505623996
561.5616548400053
561.3361884368309
560.8857983418026
560.8108035833668
560.7358288770054
560.5859395883454
560.5859395883454
560.5110249899773
560.2864012823939
559.9871829105474
559.9871829105474
559.9871829105474
559.91242824723
559.91242824723
559.8376935397757
559.8376935397757
559.7629787801949
559.6136090727151
559.4643190609577
559.3897039210456
559.3897039210456
559.0914422820581
558.9424307036247
558.7934985345057
558.6446457112413
558.5702490344919
558.3471778487753
558.1242847638057
558.1242847638057
557.975788213383
557.9015695663741
557.9015695663741
557.8273706609922
557.6790320436112
557.6048923158735
557.4566719829878
557.3825913621263
557.3085304278501
557.234489172313
557.234489172313
557.234489172313
557.1604675876727
557.0864656660912
557.0864656660912
557.0124833997344
556.8645778013807
556.7906544537369
556.4951572243598
556.4951572243598
556.4213319182807
556.4213319182807
556.2737400530503
556.1999734783185
556.1262264651286
556.1262264651286
555.9787910922588
555.6841547429783
555.3898305084746
555.3162981596716
555.3162981596716
555.1692918596956
555.0958178930651
555.0223633717084
554.9489282879068
554.8021164021164
554.6553821740281
554.5820441623695
554.3621464446206
554.3621464446206
554.215644820296
554.1424230413529
554.0692206076618
553.9228737453777
553.9228737453777
553.9228737453777
553.4842966481922
553.4842966481922
553.4842966481922
553.3382585751979
553.0464135021097
552.827731646237
552.6820397944393
552.463645943098
552.3181459046616
552.2454246214614
552.2454246214614
552.100039489272
551.9547308856429
551.9547308856429
551.7369113391213
551.6643430224912
551.5917937927406
551.5917937927406
551.5192636423405
551.4467525637655
551.3742605494939
551.3017875920084
551.1568988173456
551.084482985153
551.0120861797162
550.7226890756302
550.7226890756302
550.5781044893673
550.5058406615042
550.5058406615042
550.5058406615042
550.3613698989634
550.1448058761805
549.9284122197456
549.9284122197456
549.8563188253802
549.7842443308429
549.7121887287025
549.4241550956249
549.2083278774388
549.2083278774388
549.0645372430946
548.9926701570681
548.7771817349209
548.7771817349209
548.7771817349209
548.7771817349209
548.7771817349209
548.705389848247
548.705389848247
548.6336167429693
548.5618624117185
548.5618624117185
548.418410041841
548.3467119884953
547.8453500522467
547.4163403811016
547.2734864300626
547.1307070180015
547.0593452458588
547.0593452458588
546.9880020865936
546.9166775329247
546.9166775329247
546.845371577575
546.845371577575
546.7740842132707
546.7028154327425
546.6315652287241
546.6315652287241
546.5603335939536
546.3467500325648
546.2044537049095
546.2044537049095
545.920083300794
545.920083300794
545.7780091086532
545.7780091086532
545.7069997397866
545.7069997397866
545.4940824554559
545.2813312532502
545.2813312532502
545.2104510594047
545.2104510594047
545.1395892903561
544.7855565657877
544.7148051948052
544.6440721984158
544.5026613007919
544.4319833852544
544.361323815704
544.2906825849986
544.2906825849986
544.0788688545855
544.0788688545855
544.0788688545855
543.9377512644274
543.7262120819289
543.7262120819289
543.5148373720358
543.5148373720358
543.2332599404223
543.2332599404223
543.0925806033924
543.0925806033924
543.0925806033924
543.0222682547902
543.0222682547902
542.9519741100323
542.9519741100323
542.9519741100323
542.8816981620503
542.811440403779
542.811440403779
542.6007761966365
542.6007761966365
542.530591126633
542.4604242110709
542.4604242110709
542.4604242110709
542.3902754429071
542.2500323206206
542.1799379524302
542.0398035668131
541.8997416020671
541.8297377599794
541.8297377599794
541.7597520020666
541.7597520020666
541.5499031633312
541.5499031633312
541.5499031633312
541.4100942300245
541.3402168301498
541.2703574654794
541.2703574654794
541.2703574654794
541.1306928138305
541.1306928138305
541.1306928138305
541.1306928138305
541.0608875128999
540.8515796260477
540.7818463125323
540.712130978471
540.6424336169116
540.6424336169116
540.5727542209048
540.5030927835052
540.5030927835052
540.3638237567637
540.3638237567637
540.2942161535489
540.1550547327753
540.085500901365
540.0159649800438
539.6685537828101
539.6685537828101
539.6685537828101
539.5991251768944
539.5991251768944
539.5991251768944
539.5991251768944
539.5991251768944
539.3909465020577
539.3909465020577
539.3215893017873
539.3215893017873
539.3215893017873
539.2522499357161
539.2522499357161
539.1136246786632
539.0443387739365
539.0443387739365
538.9750706759188
538.9058203777464
538.9058203777464
538.7673731535003
538.4906920015407
538.4906920015407
538.421566110398
538.421566110398
538.3524579643178
538.3524579643178
538.2833675564682
538.2142948800205
538.2142948800205
538.2142948800205
538.1452399281499
538.1452399281499
538.0762026940347
538.0071831708568
538.0071831708568
538.0071831708568
538.0071831708568
537.938181351802
537.938181351802
537.869197230059
537.869197230059
537.8002307988204
537.8002307988204
537.8002307988204
537.731282051282
537.731282051282
537.5245418428809
537.5245418428809
537.4556637621732
537.3868033311979
537.3868033311979
537.3179605431719
537.2491353913155
537.2491353913155
537.1803278688525
537.1803278688525
537.0427656850192
536.9740110101139
536.9740110101139
536.6991682661549
536.6991682661549
536.6305015353122
536.5618523730332
536.4932207725761
536.4932207725761
536.4932207725761
536.4932207725761
536.424606727203
536.356010230179
536.2188698542573
536.1503259619072
536.0817995910021
536.0132907348243
536.0132907348243
535.9447993866598
535.7394303231575
535.7394303231575
535.4658496106217
535.4658496106217
535.3291640076579
535.2608473711077
535.2608473711077
534.9877551020409
534.9877551020409
534.9877551020409
534.8513134404488
534.7831187045773
534.7831187045773
534.64678138942
534.64678138942
534.5786387968392
534.5105135720657
534.5105135720657
534.4424057084608
534.3743151993884
534.1701477330616
534.1021265758309
534.034122740005
533.9661362189688
533.8302150948199
533.8302150948199
533.7622804784933
533.7622804784933
533.694363150528
533.6264631043257
533.5585803332909
533.4907148308318
533.4907148308318
533.42286659036
533.3550356052899
533.3550356052899
533.2872218690401
533.2194253750317
533.15164611669
533.15164611669
533.0838840874428
533.0161392807219
532.9484116899619
532.8807013086011
532.6100317460317
532.6100317460317
532.4748000507808
532.4072099517645
532.2720812182741
532.1370210606445
532.0695166814664
531.8671062642658
531.7322515212982
531.664849790848
531.5974651457541
531.5974651457541
531.5974651457541
531.3954136576714
531.3280972890803
531.3280972890803
531.2607979734009
531.193515704154
531.1262504748639
531.1262504748639
530.9245569620253
530.3874557410218
530.1193124368049
529.9853424311347
529.7176054559233
529.7176054559233
529.7176054559233
529.6507134739235
529.5838383838384
529.4501388538248
529.3833144011107
529.31650681474
529.2497160883281
529.0494450050454
529.0494450050454
528.9827216546853
528.9160151324086
528.8493254318497
528.7159964704399
528.6493571968742
528.5827347195967
528.5827347195967
528.449540128512
528.449540128512
528.3829680020157
528.3164126464291
528.3164126464291
528.3164126464291
528.1833522226419
528.1168471417778
527.9838872104733
527.8509942109238
527.7181680926019
527.5854088050314
527.5854088050314
527.519054207018
527.4527162977868
527.0550389545111
527.0550389545111
526.7240989576793
526.7240989576793
526.3275191366546
526.2614805520702
526.2614805520702
526.1954585371974
525.9974918485076
525.9974918485076
525.9315360501568
525.7996740629309
525.7996740629309
525.7337678616194
525.4703081934352
525.4044845296255
525.4044845296255
525.3386773547094
525.0756134201301
525.0098885968206
524.61588492808
524.4191047761941
524.0914657003624
524.0259870064967
523.9605246720799
523.6988388063429
523.5027458811783
523.2415169660678
523.1762504677561
523.1110002494388
522.9805486284289
522.784993144709
522.5895838524794
522.5895838524794
522.4593921275535
522.0692058750311
522.0042314872433
521.8743312181163
521.7444955840278
521.2257984341991
521.1610337972166
521.1610337972166
520.9021361152509
520.7081315952825
520.643495531281
520.5788755119771
520.5142715313974
520.2560158769536
519.5471324166977
519.5471324166977
519.3541357107479
519.2255508789304
519.2255508789304
518.96857213561
518.8401781296388
518.7118476378927
518.7118476378927
518.519470886389
518.4553770086527
518.135145151328
518.0711462450593
518.0711462450593
517.5597235932872
517.5597235932872
516.921863445896
514.7648502700049
514.1968861100895
514.1968861100895
513.3158732101334
513.0019569471624
512.9392197627492
512.4378741600489
512.1250305250305
511.3134219188102
510.62868273679084
510.13184140111895
508.7704997573993
507.6620672960542
507.53920619554697
507.53920619554697
506.68084078279776
506.49728293684336
505.70340004822765
504.4868895838345
504.3049176385716
504.12307692307695
503.69929146151077
501.351183361224
499.5597903763697
491.3088907110226
488.84662004662005
480.50223393286745
479.6779505946935
479.2394881170018
472.4911569223837
469.2665025732826
468.42796515523787
466.0855650627848
463.3566062748564
451.2915859694427
449.45392198885554
448.9728109612503
434.5978655061652
407.2930666148767
406.14931732352085
398.3951367781155
380.43573696145125
364.5002172590597
357.99795151928987
357.7231556503198
353.9198379883554
353.0558922558923
351.4289065772937
349.1761571761572
347.81524172816984
343.4013427214672
343.06428921969575
341.5557003257329
340.86176351076796
340.28103196495215
340.1706407137064
339.20776384957543
338.11398629584846
337.95052775763435
337.21691590287827
335.1957164548869
334.87457085828345
334.3406935033878
334.31404431691374
334.0477859190825
333.75539110368425
333.6226535157493
333.5430616302187
333.4900214677586
333.41049284578696
333.38399173356646
333.3574948338897
333.1721344030503
332.9605461617846
332.88126984126984
332.77562678514755
332.77562678514755
332.6436672218257
332.6172878667724
332.0905779889153
332.06428627978784
332.01171534868996
331.9328901551124
331.82784810126583
331.82784810126583
331.82784810126583
331.6966389877422
331.6966389877422
331.67040961568875
331.617963314358
331.4607238817765
331.43453180561045
331.35598040764734
331.1728385313857
331.0160208349775
330.8854528242348
330.70283056059293
330.70283056059293
330.26015748031494
330.1301849665486
330.1301849665486
330.00031471282455
329.7927347067149
329.6113163064833
329.5854156844256
329.40422524149847
329.3524931291716
329.2749254200031
329.2749254200031
329.14572706584005
329.06825670798685
328.8876342821297
328.2955541640576
328.2955541640576
328.26985990451595
328.1671230733119
328.14144891253324
327.8592980536231
327.68
327.39864179220984
327.3730877302529
327.2453772333619
327.1432805553389
327.04124756335284
327.01574925931703
326.93927819783306
326.71007945162796
326.65919003115266
326.60831646161034
326.5320358115998
326.4557907845579
326.303407499611
326.2018976512677
326.1004509407557
326.0750991215113
325.94839912962385
325.8977466977467
325.847110006215
325.6194394845121
325.4425822470515
325.2911431673647
325.2659170221016
324.86283014483774
324.86283014483774
324.7119300147093
324.56117000696435
324.2600695786625
324.235003092146
324.235003092146
324.20994048079154
324.1848817437007
324.10972876902866
324.0846855200124
324.05964614077106
323.9845512127298
323.9845512127298
323.95952730362245
323.93450725980847
323.8844787644788
323.55966982951475
323.38504240555125
323.2604238921002
323.13590138674886
323.06123392128166
322.96173096173095
322.96173096173095
322.8622892771919
322.53952629960014
322.4899277256651
322.41555845952803
322.2669227814061
322.11842408417175
322.06895492590036
321.9947796714264
321.8465316144874
321.7971459260396
321.7971459260396
321.42723580350986
321.35335580753906
321.27950976637305
321.20569765660895
321.1073342520288
321.1073342520288
321.0581751377832
321.0581751377832
321.00903107301394
320.8616891064871
320.68996100619313
320.66544342507643
320.5919131697623
320.3959972500191
320.3715245951726
320.1758778625954
320.0781440781441
319.9560607216416
319.6878048780488
319.41999847688675
319.05553019930016
318.81301307388264
318.5708643475619
318.5708643475619
318.3290831815422
317.94299575500304
317.72623286114685
317.67810346133456
317.4136521870743
317.3896329928112
317.19761022460864
317.19761022460864
316.575137746245
316.0027122730355
315.7172751223184
315.2189989478431
315.1479449996243
314.65146286571644
314.0154226248409
313.99191495732896
313.9449101796407
313.8509428314876
313.4522083551304
313.1713581721795
313.14797670598773
312.89101081685936
312.7277065314644
312.35507893952934
312.029757476566
311.98333829217495
311.63563414815366
311.404261637835
311.35802835721177
311.0578463363987
310.02320940202526
309.10929324194854
309.0865143699337
308.7452337136548
308.38203073303436
308.17810433504775
308.15546249357135
307.2750183150183
306.9377241126967
306.57875886265623
304.6193623356816
303.97912740976955
303.38546112115733
302.5756745058433
299.4006709972161
295.7275611647747
293.02109822551347
291.53430180023634
289.721903709332
289.6818841080185
286.9469795443662
286.7312004375171
286.08580587954435
283.5138569690415
281.0253936348409
280.6493141518903
279.1921720029288
278.04468014584023
277.89730338567546
275.92289980922305
274.730071395821
271.5111341273951
269.1762289821589
268.74505029794324
268.3324163521208
266.72839427662956
265.8492742599987
264.7250694269124
264.35799823521995
264.02517940324816
262.8668839308097
262.5706773506949
261.2134271657221
259.1476058078468
258.87569435872115
258.285855040335
257.9681407220616
256.7836414840211
255.62554851292052
255.19007057678266
254.0308884985767
253.58548972188635
252.91268692715872
252.01610286606982
251.65320693586128
251.57773512476007
251.45707434052758
250.7205451610975
250.52586309879345
249.37891670134965
248.49244623496654
248.47772511848342
247.9049589219221
247.83171826991256
247.42236904200095
246.57871840094063
246.34699870785857
246.15904689242328
245.6544453555113
245.52502487853423
245.42445874780574
245.1375803623612
245.00870377942636
244.95146878467557
244.93716421396869
244.73707550472633
244.66569445254623
244.65142323845077
244.02513381428903
243.68487102021845
243.3032078426823
242.16535796766743
241.81631594119344
241.13510405887087
240.51287344457825
238.5974173730019
238.2044525215811
237.57032002265646
236.93955485255904
236.79241235250944
236.20566537140283
234.6201264194216
234.266309204647
233.44487115266878
233.1204979991107
232.59047302168247
232.59047302168247
232.05001383125864
231.4992824815101
230.5576077396658
230.02654381923878
229.46025493735982
228.74694589877836
228.6596521833942
227.54321054630282
227.12427573509504
226.90311063024075
226.71913513513513
226.60889297098709
226.1567993098242
225.98620689655172
224.60661882831744
223.57697228144988
222.92341217114006
222.3325735489001
221.5574454598278
220.9621746918133
219.71210057621792
218.9779680484494
218.85228280720062
218.78378801314486
217.69367311984223
217.11895641370742
217.11895641370742
216.8831894100005
216.87197518097207
216.62555521123852
216.59199586883554
215.77857804300854
215.68980767252904
215.3354553855632
215.21391554210066
215.0263508664001
214.12619971411067
213.99510204081633
213.42886220232037
213.13603333502718
212.2516067000658
212.06916776215996
211.36383793590002
210.93864413598874
210.843211179812
210.53629153699427
210.494027903242
210.23026414716054
209.70471476426178
209.6732653469306
209.54756195043964
207.50526888636026
207.46421328584853
207.01367158580524
206.73817034700315
206.473565029044
205.60313725490195
205.0001955034213
204.2614200837635
204.03288417570658
203.07465866176042
203.05499612703332
202.42779922779923
201.68801692633198
200.87662835249043
199.92869059535727
199.8239161505479
198.4811660041643
197.3975903614458
197.15634107361097
196.42691893410762
196.16050883921056
196.14216236438457
194.72163416898792
194.5229570540766
192.92139276022263
192.8770348569852
191.95020822845638
190.50297497388382
189.24802598926138
189.14561443066518
188.4826315552959
188.16132071239514
186.47981504534945
184.99929428369796
184.68160803135044
183.39763882815916
182.86989884897105
182.7902030855051
182.6469256227138
182.6310197683532
182.11558334418828
180.64880696011716
179.31272711726731
179.09069171648164
177.58177738261568
177.25157418755018
176.0389490472593
175.44984522713963
175.09096222083073
174.4791380673073
174.05195451904723
172.27897806621212
171.34294701580947
171.18210758305443
171.18210758305443
170.9797399209164
169.7686391969562
169.70681772203116
168.3107544141252
168.06795960891168
167.52422414826057
166.87769555184212
166.48688127654506
164.72798680386458
163.9552810569932
162.3433968106518
160.59669946777962
159.53383287056408
156.73781763826608
156.66171142569007
154.84564551260752
154.7999261856431
151.1351974632459
149.7430917529454
147.43238778164434
145.71650917176208
142.40184694778299
139.8474259802614
137.34704302835812
136.92109816211274
134.48885753679417
131.61491150997867
126.43728333283092
117.73154437770168
107.12052100625718
92.00658082348038
70.61117845117845
59.856207098311764
59.28680066717553
50.391714924189635
6.0605374038389295
3.280790774402926